011060	22000
011060	450
011060	450
011060	22000
011060	22000
011060	22000
011060	7500
011060	22000
011060	22000
011060	3000
011060	3000
011060	3000
011060	240
011060	22000
011060	1230
011060	22000
011060	22000
011060	22000
011060	22000
011060	22000
011060	22000
011060	1230
011060	3000
011060	3000
011060	22000
011060	780
011060	780
011060	7500
011060	15
011060	1230
011060	3000
011060	3000
011060	22000
011060	22000
011060	7500
011060	22000
011060	22000
011060	22000
011060	22000
011060	22000
011060	22000
011060	3000
011060	3000
011060	7500
011060	7500
011060	1230
011060	22000
011060	3000
011060	780
011060	22000
011060	7500
011060	3000
011060	780
011060	3000
011060	22000
011060	7500
011060	60
011060	22000
011060	1230
011060	22000
011060	22000
011060	22000
011060	22000
011060	22000
011060	22000
011060	22000
011060	22000
011060	780
011060	450
011060	3000
011060	3000
011060	7500
011060	450
011060	22000
011060	3000
011060	780
011060	3000
011060	3000
011060	1230
011060	22000
011060	22000
011060	1230
011060	7500
011060	22000
011060	1500
011060	3000
011060	780
011060	3000
011060	3000
011060	3000
011060	3000
011060	3000
011060	22000
011060	7500
011060	22000
011060	3000
011060	22000
011060	7500
011060	3000
011060	3000
011060	3000
011060	3000
011060	3000
011060	780
011060	22000
011060	450
011060	780
011060	22000
011060	7500
011060	780
011060	22000
011060	7500
011060	22000
011060	1500
011060	3000
011060	780
011060	3000
011060	1230
011060	3000
011060	3000
011060	450
011060	3000
011060	22000
011060	1230
011060	3000
011060	3000
011060	22000
011060	7500
011060	3000
011060	22000
011060	780
011060	780
011060	22000
011060	780
011060	450
011060	240
011060	450
011060	780
011060	780
011060	780
011060	22000
011060	3000
011060	3000
011060	3000
011060	450
011060	450
011060	22000
011060	22000
011060	22000
011060	22000
011060	22000
011060	22000
011060	22000
011060	22000
011060	22000
011060	22000
011060	22000
011060	22000
011060	22000
011060	22000
011060	3000
011060	3000
011060	780
011060	3000
011060	22000
011060	22000
011060	22000
011060	22000
011060	3000
011060	22000
011060	3000
011060	3000
011060	780
011060	22000
011060	22000
011060	3000
011060	22000
011060	3000
011060	3000
011060	7500
011060	780
011060	1230
011060	22000
011060	7500
011060	22000
011060	3000
011060	22000
011060	3000
011060	3000
011060	3000
011060	1230
011060	3000
011060	3000
011060	3000
011060	780
011060	3000
011060	3000
011060	3000
011060	3000
011060	780
011060	780
011060	780
011060	3000
011060	780
011060	3000
011060	3000
011060	22000
011060	7500
011060	22000
011060	22000
011060	22000
011060	22000
011060	3000
011060	1230
011060	22000
011060	22000
011060	22000
011060	22000
011060	3000
011060	7500
011060	22000
011060	22000
011060	1230
011060	7500
011060	3000
011060	22000
011060	3000
011060	780
011060	780
011060	7500
011060	22000
011060	7500
011060	3000
011060	3000
011060	780
011060	3000
011060	3000
011060	22000
011060	7500
011060	780
011060	22000
011060	22000
011060	22000
011060	3000
012620	3000
012620	150
012620	1500
012620	450
012620	3000
012620	150
012620	22000
012620	1230
012620	22000
012620	450
012620	3000
012620	22000
012620	3000
012620	3000
012620	3000
012620	3000
012620	240
012620	3000
012620	22000
012620	22000
012620	22000
012620	3000
012620	3000
012620	450
012620	450
012620	3000
012620	3000
012620	240
012620	3000
012620	22000
012620	22000
012620	22000
012620	240
012620	3000
012620	450
012620	22000
012620	3000
012620	3000
012620	450
012620	7500
012620	7500
012620	3000
012620	3000
012620	450
012620	3000
012620	3000
012620	3000
012620	3000
012620	22000
012620	22000
012620	3000
012620	150
012620	240
012620	22000
012620	22000
012620	3000
012620	3000
012620	22000
012620	3000
012620	240
012620	240
012620	3000
012620	22000
012620	22000
012620	22000
012620	3000
012620	22000
012620	3000
012620	60
012620	3000
012620	3000
012620	22000
012620	3000
012620	240
012620	22000
012620	240
012620	3000
012620	450
012620	22000
012620	22000
012620	22000
012620	22000
012620	22000
012620	22000
012620	22000
012620	15
012620	3000
012620	240
012620	15
012620	22000
012620	22000
012620	22000
012620	3000
012620	450
012620	22000
012620	3000
012620	3000
012620	240
012620	3000
012620	3000
012620	3000
012620	3000
012620	22000
012620	22000
012620	3000
012620	150
012620	22000
012620	3000
012620	3000
012620	450
012620	3000
012620	3000
012620	150
012620	22000
012620	3000
012620	3000
012620	3000
012620	3000
012620	22000
012620	22000
012620	3000
012620	3000
012620	22000
012620	22000
012620	3000
012620	3000
012620	150
012620	3000
012620	150
012620	60
012620	22000
012620	15
012620	3000
012620	3000
012620	22000
012620	7500
012620	240
012620	3000
012620	7500
012620	60
012620	60
014030	60
014030	22000
014030	22000
014030	22000
014030	780
014030	780
014030	22000
014030	150
014030	1230
014030	1230
014030	22000
014030	1500
014030	22000
014030	1230
014030	780
014030	22000
014030	22000
014030	22000
014030	22000
014030	22000
014030	22000
014030	22000
014030	22000
014030	15
014030	240
014030	780
014030	1230
014030	22000
014030	22000
014030	22000
014030	1500
014030	1230
014030	1230
014030	1230
014030	1230
014030	22000
014030	1500
014030	22000
014030	22000
014030	780
014030	780
014030	1230
014030	780
014030	1230
014030	22000
014030	780
014030	1230
014030	780
014030	15
014030	780
014030	780
014030	22000
014030	1230
014030	1230
014030	22000
014030	22000
014030	22000
014030	22000
014030	22000
014030	1230
014030	1230
014030	22000
014030	22000
014030	1230
014030	1230
014030	22000
014030	22000
014030	22000
014030	1230
014030	1500
014030	780
014030	780
014030	1230
014030	450
014030	22000
014030	22000
014030	22000
014030	1230
014030	1230
014030	22000
014030	22000
014030	780
014030	1230
014030	780
014030	22000
014030	780
014030	22000
014030	780
014030	1230
014030	780
014030	1230
014030	780
014030	22000
014030	1230
014030	22000
014030	22000
014030	780
014030	1500
014030	22000
014030	1230
014030	1230
014030	22000
014030	1230
014030	22000
014030	22000
014030	22000
014030	780
014030	22000
014030	22000
014030	1230
014030	1230
014030	22000
014030	780
014030	780
014030	22000
014030	780
014030	22000
014030	780
014030	22000
014030	22000
014030	22000
014030	780
014030	780
014030	22000
014030	780
014030	1230
014030	22000
014030	780
014030	780
014030	1230
014030	780
014030	1230
014030	780
014030	22000
014030	780
014030	780
014030	780
014030	450
014030	780
014030	780
014030	780
014030	780
014030	1230
014030	780
014030	780
014030	22000
014030	22000
014030	22000
014030	22000
014030	22000
014030	1230
014030	22000
014030	22000
014030	1230
014030	22000
014030	1500
014030	22000
014030	780
014030	780
014030	22000
014030	450
014030	780
014030	1230
014030	22000
014030	1230
014030	22000
014030	22000
014030	1230
014030	1230
014030	1230
014030	780
014030	22000
014030	22000
014030	1500
014030	1500
014030	22000
014030	1230
014030	1230
014030	22000
014030	1230
014030	22000
014030	22000
014030	1230
014030	1500
014030	1500
014030	1500
014030	1230
014030	22000
014030	22000
014030	22000
014030	22000
014030	1230
014030	780
014030	22000
014030	22000
014030	780
014030	780
014030	22000
014030	1230
014030	22000
014030	22000
014030	1230
014030	22000
014030	780
014030	1230
014030	22000
014030	22000
014030	22000
014030	2100
014030	22000
014030	22000
014030	1230
014030	780
014030	780
014030	780
014030	780
014030	22000
014030	780
014030	22000
014030	780
014030	1230
014030	22000
014030	22000
014030	780
014030	22000
014030	22000
014030	22000
014030	780
014030	780
014030	780
014030	780
014030	780
014030	22000
014030	780
014030	22000
014030	22000
014030	1230
014030	22000
014030	1500
014030	1500
014030	1500
014030	22000
014030	22000
014030	780
014030	1230
014030	780
014030	1230
014030	1230
014030	22000
014030	1230
014030	780
014030	450
014030	22000
014030	1230
014030	22000
014030	22000
014030	1230
014030	1230
014030	1230
014030	780
014030	780
014030	780
014030	780
014030	1230
014030	22000
014030	22000
014030	1230
014030	22000
014030	780
014030	780
014030	780
014030	780
014030	22000
014030	1230
014030	22000
014030	22000
014030	22000
014030	1230
014030	22000
014030	22000
014030	22000
014030	780
014030	780
014030	22000
014030	22000
014030	22000
014030	22000
014030	22000
014030	22000
014030	22000
014030	22000
014030	1500
014030	22000
014030	22000
014030	1230
014030	780
014030	1500
014030	22000
014030	22000
014030	22000
014030	1230
014030	780
014030	780
014030	1230
014030	22000
014030	780
014030	22000
014030	1500
014030	22000
014030	22000
014030	22000
014030	22000
014030	22000
014030	1230
014030	22000
014030	22000
014030	22000
014030	22000
014030	22000
014030	22000
014030	22000
014030	22000
014030	22000
014030	22000
014030	22000
014030	1230
014030	1500
014030	780
014030	1500
014030	1500
014030	1500
014030	1230
014030	22000
014030	780
014030	22000
014030	1500
014030	22000
014030	22000
014030	22000
014030	22000
014030	22000
014030	1500
014030	22000
014030	22000
014030	1230
014030	780
014030	780
014030	780
014030	15
014030	22000
014030	1230
014030	1230
014030	22000
014030	22000
014030	22000
014030	1500
014030	22000
014030	22000
014030	22000
014030	22000
014030	22000
014030	1500
014030	22000
014030	780
014030	780
014030	22000
014030	22000
014030	780
014030	22000
014030	22000
014030	22000
014030	22000
014030	22000
014030	22000
014030	22000
014030	780
014030	780
014030	1500
014030	780
014030	780
014030	780
014030	780
014030	780
014030	22000
014030	780
014030	2100
014030	22000
014030	1230
014030	780
014030	22000
014030	22000
014030	22000
014030	780
014030	15
014030	15
014030	22000
014030	22000
014030	22000
014030	15
014030	22000
014030	22000
014030	1500
014030	22000
014030	22000
014030	22000
014030	22000
014030	780
014030	780
014030	22000
014030	22000
014030	22000
014030	1500
014030	22000
014030	22000
014030	780
014030	780
014030	1500
014030	780
014030	780
014030	780
014030	22000
014030	22000
014030	22000
014030	22000
014030	780
014030	780
014030	780
014030	780
014030	780
014030	780
014030	780
014030	780
014030	1500
014030	1500
014030	1500
014030	780
014030	22000
014030	1500
014030	22000
014030	22000
014030	22000
014030	22000
014030	2100
014030	22000
014030	780
014030	22000
014030	780
014030	15
014030	22000
014030	15
014030	780
014030	780
014030	780
014030	1230
014030	780
014030	780
014030	22000
014030	22000
014030	22000
014030	22000
014030	780
014030	780
014030	1230
014030	22000
014030	22000
014030	780
014030	1230
014030	22000
014030	22000
014030	22000
014030	22000
014030	22000
014030	780
014030	22000
014030	22000
014030	22000
014030	780
014030	22000
014030	1500
014030	22000
014030	22000
014030	22000
014030	22000
014030	780
014030	780
014030	15
014030	780
014030	780
014030	15
014030	22000
014030	1500
014030	780
014030	22000
014030	780
014030	1500
014030	780
014030	780
014030	22000
014030	22000
014030	22000
014030	15
014030	780
014030	1500
014030	1500
014030	1500
014030	1230
014030	1230
014030	1500
014030	1500
014030	22000
014030	22000
014030	780
014030	1500
014030	22000
014030	1500
014030	22000
014030	1500
014030	1500
014030	780
014030	15
014030	22000
014030	22000
014030	22000
014030	22000
014030	22000
014030	22000
014030	22000
014030	22000
014030	22000
014030	22000
014030	22000
014030	22000
014030	22000
014030	22000
014030	780
014030	240
014030	1500
014030	1500
014030	1500
014030	1500
014030	22000
014030	1500
014030	1230
014030	780
014030	780
014030	22000
014030	1500
014030	22000
014030	780
014030	22000
014030	22000
014030	1500
014030	22000
014030	22000
014030	22000
014030	22000
014030	22000
014030	1500
014030	780
014030	780
014030	22000
014030	1500
014030	780
014030	780
014030	1500
014030	22000
014030	22000
014030	1500
014030	22000
014030	1500
014030	1500
014030	1500
014030	1500
014030	1500
014030	22000
014030	7500
014030	22000
014030	1500
014030	22000
014030	780
014030	1500
014030	1500
014030	22000
014030	22000
014030	780
014030	780
014030	780
014030	780
014030	780
014030	780
014030	15
014030	15
014030	15
014030	780
014030	780
014030	780
014030	780
014030	22000
014030	22000
014030	22000
014030	22000
014030	1230
014030	780
014030	780
014030	780
014030	780
014030	780
014030	780
014030	780
014030	780
014030	1500
014030	22000
014030	22000
014030	22000
014030	22000
014030	780
014030	780
014030	780
014030	780
014030	22000
014030	780
014030	780
014030	780
014030	22000
014030	15
014030	780
014030	22000
014030	780
014030	780
014030	780
014030	780
014030	780
014030	780
014030	780
014030	780
014030	780
014030	22000
014030	22000
014030	780
014030	780
014030	780
014030	22000
014030	22000
014030	22000
014030	22000
014030	780
014030	22000
014030	22000
014030	780
014030	780
014030	22000
014030	780
014030	1230
014030	780
014030	780
014030	1500
014030	22000
014030	22000
014030	22000
014030	22000
014030	22000
014030	780
014030	22000
014030	780
014030	22000
014030	1230
014030	22000
014030	22000
014030	22000
014030	22000
014030	780
014030	780
014030	22000
014030	780
014030	1500
014030	22000
014030	780
014030	22000
014030	22000
014030	780
014030	780
014030	780
014030	780
014030	780
014030	1500
014030	780
014030	780
014030	780
014030	780
014030	22000
014030	780
014030	1230
014030	1500
014030	780
014030	780
014030	1500
014030	1500
014030	22000
014030	1500
014030	22000
014030	22000
014030	22000
014030	1500
014030	780
014030	780
014030	780
014030	22000
014030	22000
014030	22000
014030	22000
014030	22000
014030	22000
014030	780
014030	780
014030	780
014030	22000
014030	22000
014030	780
014030	780
014030	22000
014030	22000
014030	1230
014030	22000
014030	780
014030	22000
014030	780
014030	22000
014030	1230
014030	780
014030	22000
014030	1230
014030	780
014030	1230
014030	22000
014030	22000
014030	780
014030	22000
014030	780
014030	780
014030	780
014030	780
014030	780
014030	1500
014030	22000
014030	22000
014030	22000
014030	780
014030	780
014030	780
014030	1500
014030	22000
014030	22000
014030	22000
014030	780
014030	780
014030	780
014030	780
014030	22000
014030	22000
014030	22000
014030	780
014030	1230
014030	780
014030	1500
014030	780
014030	780
014030	780
014030	780
014030	780
014030	22000
014030	22000
014030	780
014030	22000
014030	1230
014030	780
014030	1230
014030	1230
014030	780
014030	780
014030	780
014030	22000
014030	22000
014030	22000
014030	1230
014030	780
014030	780
014030	780
014030	22000
014030	780
014030	22000
014030	1230
014030	780
014030	1230
014030	780
014030	780
014030	780
014030	1230
014030	22000
014030	780
014030	22000
014030	780
014030	22000
014030	22000
014030	22000
014030	22000
014030	1500
014030	1500
014030	780
014030	22000
014030	22000
014030	780
014030	1500
014030	1500
014030	1500
014030	1500
014030	780
014030	780
014030	1500
014030	22000
014030	22000
014030	780
014030	22000
014030	22000
014030	1230
014030	22000
014030	22000
014030	780
014030	1500
014030	780
014030	1500
014030	780
014030	2100
014030	780
014030	22000
014030	22000
014030	15
014030	780
014030	22000
014030	780
014030	1230
014030	780
014030	780
014030	780
014030	1230
014030	22000
014030	1230
014030	780
014030	1230
014030	1500
014030	780
014030	1230
014030	1230
014030	1500
014030	1230
014030	1230
014030	780
014030	780
014030	780
014030	780
014030	22000
014030	1230
014030	22000
014030	22000
014030	780
014030	780
014030	780
014030	780
014030	22000
014030	22000
014030	780
014030	450
014030	780
014030	22000
014030	1230
014030	780
014030	22000
014030	780
014030	780
014030	780
014030	780
014030	1230
014030	1230
014030	780
014030	22000
014030	780
014030	780
014030	780
014030	780
014030	450
014030	780
014030	1230
014030	780
014030	1230
014030	22000
014030	780
014030	780
014030	1230
014030	780
014030	15
014030	15
014030	780
014030	15
014030	22000
014030	1500
014030	780
014030	15
014030	1500
014030	1230
014030	1500
014030	1500
014030	22000
014030	22000
014030	22000
014030	780
014030	15
014030	780
014030	1500
014030	1500
014030	1500
014030	1500
014030	1500
014030	22000
014030	1500
014030	1500
014030	22000
014030	22000
014030	780
014030	780
014030	780
014030	780
014030	1500
014030	2100
014030	780
014030	780
014030	1230
014030	1500
014030	22000
014030	1500
014030	1500
014030	780
014030	1500
014030	7500
014030	22000
014030	1500
014030	780
014030	22000
014030	780
014030	22000
014030	22000
014030	22000
014030	780
014030	780
014030	780
014030	780
014030	780
014030	22000
014030	22000
014030	1230
014030	22000
014030	22000
014030	22000
014030	3000
014030	22000
014030	780
014030	22000
014030	7500
014030	22000
014030	22000
014030	22000
014030	22000
014030	780
014030	1500
014030	22000
014030	22000
014030	22000
014030	1230
014030	22000
014030	1500
014030	22000
014030	22000
014030	22000
014030	22000
014030	780
014030	22000
014030	22000
014030	450
014030	1500
014030	22000
014030	22000
014030	1500
014030	1500
014030	1500
014030	780
014030	7500
014030	22000
014030	780
014030	22000
014030	1230
014030	780
014030	7500
014030	780
014030	780
014030	1500
014030	2100
014030	1500
014030	780
014030	3000
014030	780
014030	22000
014030	1230
014030	22000
014030	22000
014030	1500
014030	15
014030	22000
014030	22000
014030	780
014030	780
014030	22000
014030	780
014030	780
014030	1500
014030	1500
014030	780
014030	22000
014030	22000
014030	780
014030	22000
014030	780
014030	22000
014030	780
014030	780
014030	22000
014030	22000
014030	780
014030	780
014030	780
014030	22000
014030	22000
014030	780
014030	1500
014030	22000
014030	22000
014030	780
014030	1230
014270	1230
014270	22000
014270	22000
014270	22000
014270	780
014270	450
014270	3000
014270	450
014270	22000
014270	22000
014270	22000
014270	22000
014270	240
014270	780
014270	780
014270	450
014270	450
014270	780
014270	22000
014270	22000
014270	22000
014270	15
014270	450
014270	22000
014270	240
014270	240
014270	240
014270	450
014270	240
014270	240
014270	22000
014270	22000
014270	22000
014270	780
014270	1230
014270	1230
014270	780
014270	1230
014270	450
014270	450
014270	240
014270	450
014270	3000
014270	450
014270	240
014270	780
014270	1230
014270	780
014270	1230
014270	22000
014270	22000
014270	240
014270	240
014270	780
014270	1500
014270	780
014270	1230
014270	240
014270	450
014270	240
014270	22000
014270	22000
014270	22000
014270	22000
014270	22000
014270	22000
014270	780
014270	780
014270	780
014270	450
014270	7500
014270	22000
014270	22000
014270	150
014270	22000
014270	150
014270	450
014270	1230
014270	22000
014270	450
014270	780
014270	7500
014270	3000
014270	22000
014270	240
014270	240
014270	450
014270	450
014270	22000
014270	450
014270	3000
014270	240
014270	780
014270	22000
014270	22000
014270	240
014270	450
014270	240
014270	450
014270	150
014270	3000
014270	240
014270	22000
014270	22000
014270	240
014270	22000
014270	240
014270	240
014270	22000
014270	3000
014270	450
014270	450
014270	780
014270	240
014270	22000
014270	22000
023610	22000
023610	240
023610	240
023610	450
023610	22000
023610	22000
023610	22000
023610	240
023610	240
023610	240
023610	240
023610	240
023610	240
023610	240
023610	240
023610	22000
023610	22000
023610	22000
023610	22000
023610	450
023610	22000
023610	22000
023610	22000
023610	22000
023610	22000
023610	22000
023610	240
023610	450
023610	240
023610	22000
023610	240
023610	240
023610	240
023610	240
023610	240
023610	240
023610	240
023610	150
023610	240
023610	240
023610	240
023610	450
023610	15
023610	15
023610	240
023610	240
023610	240
023610	240
023610	15
023610	15
023610	15
023610	15
023610	240
023610	240
023610	240
023610	450
023610	240
023610	240
023610	240
023610	240
023610	450
023610	240
023610	22000
023610	22000
023610	22000
023610	240
023610	22000
023610	22000
023610	22000
023610	240
023610	240
023610	240
023610	240
023610	240
023610	22000
023610	240
023610	22000
023610	240
023610	240
023610	22000
023610	240
023610	22000
023610	22000
023610	240
023610	240
023610	22000
023610	240
023610	22000
023610	22000
023610	15
023610	22000
023610	22000
023610	22000
023610	22000
023610	22000
023610	22000
023610	22000
023610	22000
023610	22000
023610	22000
023610	22000
023610	22000
023610	22000
023610	240
023610	240
023610	240
023610	240
023610	240
023610	240
023610	240
023610	240
023610	240
023610	22000
023610	22000
023610	22000
023610	22000
023610	240
023610	450
023610	22000
023610	450
023610	240
023610	22000
023610	22000
023610	22000
023610	22000
023610	240
023610	240
023610	22000
023610	240
023610	22000
023610	240
023610	22000
023610	22000
023610	240
023610	22000
023610	22000
023610	240
023610	150
023610	150
023610	240
023610	240
023610	22000
023610	240
023610	240
023610	240
023610	22000
023610	240
023610	15
023610	240
023610	22000
023610	22000
023610	22000
023610	22000
023610	22000
023610	22000
023610	240
023610	240
023610	240
023610	450
023610	22000
023610	15
023610	15
023610	15
023610	22000
023610	240
023610	22000
023610	22000
023610	22000
023610	240
023610	22000
023610	240
023610	240
023610	22000
023610	22000
023610	22000
023610	22000
023610	22000
023610	22000
023610	22000
023610	22000
023610	240
023610	60
023610	150
023610	22000
023610	22000
023610	22000
023610	240
023610	22000
023610	22000
023610	450
023610	22000
023610	450
023610	240
023610	22000
023610	240
023610	22000
023610	22000
023610	240
023610	240
023610	22000
023610	22000
023610	240
023610	22000
023610	22000
023610	240
023610	240
023610	22000
023610	22000
023610	240
023610	450
023610	15
023610	240
023610	240
023610	22000
023610	22000
023610	22000
023610	450
023610	22000
023610	240
023610	22000
023610	22000
023610	450
023610	240
023610	15
023610	240
023610	22000
023610	22000
023610	22000
023610	22000
023610	22000
023610	22000
023610	22000
023610	22000
023610	22000
023610	22000
023610	22000
023610	22000
023610	22000
023610	450
023610	450
023610	240
023610	22000
023610	22000
023610	22000
023610	780
023610	450
023610	22000
023610	22000
023610	450
023610	450
023610	22000
023610	450
023610	22000
023610	22000
023610	22000
023610	240
023610	22000
023610	22000
023610	22000
023610	240
023610	22000
023610	22000
023610	22000
023610	22000
023610	22000
023610	22000
023610	22000
023610	22000
023610	22000
023610	22000
023610	22000
023610	450
023610	22000
023610	22000
023610	240
023610	22000
023610	22000
023610	22000
023610	450
023610	22000
023610	22000
023610	240
023610	240
023610	240
023610	240
023610	22000
023610	1230
023610	22000
023610	22000
023610	22000
023610	22000
023610	240
023610	22000
023610	22000
023610	450
023610	240
023610	22000
023610	240
023610	150
023610	150
023610	22000
023610	22000
023610	150
023610	150
023610	240
023610	22000
023610	22000
023610	240
023610	22000
023610	22000
023610	22000
023610	22000
023610	22000
023610	450
023610	240
023610	22000
023610	22000
023610	22000
023610	240
023610	240
023610	22000
023610	22000
023610	22000
023610	240
023610	22000
023610	22000
023610	450
023610	150
023610	22000
023610	22000
023610	22000
023610	2400
023610	240
023610	240
023610	240
023610	240
023610	150
023610	22000
023610	22000
023610	22000
023610	22000
023610	22000
023610	240
023610	150
023610	240
023610	150
023610	240
023610	240
023610	22000
023610	22000
023610	22000
023610	22000
023610	240
023610	240
023610	780
023610	22000
023610	22000
023610	22000
023610	240
023610	450
023610	22000
023610	22000
023610	22000
023610	150
023610	240
023610	240
023610	22000
023610	22000
023610	22000
023610	22000
023610	150
023610	240
023610	22000
023610	22000
023610	150
023610	240
023610	450
023610	22000
023610	240
023610	15
023610	150
023610	22000
023610	22000
023610	15
023610	22000
023610	22000
023610	15
023610	60
023610	60
023610	240
023610	150
023610	240
023610	60
023610	22000
023610	22000
023610	150
023610	22000
023610	22000
023610	240
023610	150
023610	150
023610	22000
023610	240
023610	240
023610	22000
023610	22000
023610	22000
023610	240
023610	240
023610	240
023610	240
023610	150
023610	240
023610	240
023610	22000
023610	22000
023610	22000
023610	240
023610	22000
023610	22000
023610	22000
023610	22000
023610	22000
023610	22000
023610	450
023610	450
023610	22000
023610	22000
023610	22000
023610	22000
023610	22000
023610	22000
023610	22000
023610	22000
023610	22000
023610	22000
023610	240
023610	150
023610	150
023610	240
023610	240
023610	22000
023610	240
023610	240
023610	240
023610	240
023610	150
023610	150
023610	60
023610	240
023610	22000
023610	240
023610	240
023610	240
023610	22000
023610	450
023610	22000
023610	240
023610	240
023610	22000
023610	450
023610	450
023610	22000
023610	22000
023610	22000
023610	22000
023610	240
023610	240
023610	150
023610	150
023610	240
023610	150
023610	22000
023610	22000
023610	240
023610	240
023610	240
023610	240
023610	22000
023610	240
023610	450
023610	22000
023610	22000
023610	22000
023610	22000
023610	450
023610	22000
023610	150
023610	240
023610	22000
023610	22000
023610	22000
023610	240
023610	22000
023610	240
023610	240
023610	240
023610	240
023610	240
023610	22000
023610	22000
023610	22000
023610	240
023610	450
023610	22000
023610	15
023610	240
023610	240
023610	240
023610	240
023610	240
023610	22000
023610	22000
023610	240
023610	240
023610	240
023610	240
023610	240
023610	240
023610	240
023610	240
023610	240
023610	22000
023610	22000
023610	22000
023610	22000
023610	22000
023610	240
023610	450
023610	22000
023610	22000
023610	22000
023610	22000
023610	22000
023610	22000
023610	22000
023610	22000
023610	22000
023610	22000
023610	22000
023610	22000
023610	22000
023610	22000
023610	240
023610	22000
023610	240
023610	240
023610	240
023610	150
023610	15
023610	150
023610	22000
023610	22000
023610	22000
023610	22000
023610	22000
023610	22000
023610	22000
023610	240
023610	22000
023610	22000
023610	22000
023610	22000
023610	22000
023610	22000
023610	240
023610	240
023610	22000
023610	240
023610	240
023610	22000
023610	22000
023610	450
023610	22000
023610	22000
023610	22000
023610	22000
023610	22000
023610	240
023610	22000
023610	240
023610	240
023610	450
023610	240
023610	240
023610	22000
023610	450
023610	240
023610	22000
023610	22000
023610	240
023610	22000
023610	22000
023610	22000
023610	22000
023610	22000
023610	22000
023610	22000
023610	22000
023610	22000
023610	22000
023610	1230
023610	22000
023610	240
023610	22000
023610	150
023610	240
023610	22000
023610	22000
023610	22000
023610	240
023610	240
023610	240
023610	240
023610	240
023610	22000
023610	22000
023610	22000
023610	22000
023610	22000
023610	22000
023610	22000
023610	22000
023610	240
023610	22000
023610	240
023610	22000
023610	240
023610	240
023610	240
023610	240
023610	240
023610	240
023610	240
023610	240
023610	22000
023610	22000
023610	22000
023610	22000
023610	240
023610	240
023610	450
023610	22000
023610	22000
023610	240
023610	240
023610	240
023610	22000
023610	22000
023610	240
023610	240
023610	240
023610	22000
023610	22000
023610	240
023610	240
023610	22000
023610	22000
023610	240
023610	240
023610	240
023610	240
023610	22000
023610	22000
023610	22000
023610	22000
023610	240
023610	240
023610	240
023610	22000
023610	22000
023610	22000
023610	22000
023610	22000
023610	22000
023610	450
023610	240
023610	22000
023610	22000
023610	22000
023610	22000
023610	22000
023610	22000
023610	22000
023610	22000
023610	22000
023610	22000
023610	22000
023610	22000
023610	22000
023610	240
023610	450
023610	22000
023610	22000
023610	240
023610	240
023610	240
023610	240
023610	22000
023610	22000
023610	22000
023610	240
023610	240
023610	22000
023610	22000
023610	22000
023610	22000
023610	240
023610	240
023610	240
023610	240
023610	450
023610	240
023610	240
023610	240
023610	240
023610	240
023610	240
023610	240
023610	240
023610	240
023610	240
023610	22000
023610	22000
023610	22000
023610	22000
023610	22000
023610	22000
023610	22000
023610	22000
023610	240
023610	240
023610	22000
023610	22000
023610	22000
023610	240
023610	240
023610	22000
023610	22000
023610	240
023610	22000
023610	240
023610	22000
023610	22000
023610	240
023610	240
023610	240
023610	240
023610	22000
023610	240
023610	22000
023610	240
023610	22000
023610	240
023610	22000
023610	22000
023610	22000
023610	240
023610	240
023610	22000
023610	22000
023610	22000
023610	240
023610	15
023610	240
023610	22000
023610	22000
023610	240
023610	450
030910	450
030910	22000
030910	450
030910	22000
030910	3000
030910	22000
030910	22000
030910	450
030910	22000
030910	3000
030910	3000
030910	22000
030910	3000
030910	22000
030910	22000
030910	22000
030910	780
030910	450
030910	22000
030910	3000
030910	22000
030910	3000
030910	3000
030910	3000
030910	3000
030910	22000
030910	22000
030910	3000
030910	3000
030910	22000
030910	780
030910	780
030910	22000
030910	22000
030910	22000
030910	780
030910	22000
030910	1230
030910	780
030910	22000
030910	22000
030910	1230
030910	22000
030910	3000
030910	22000
030910	22000
030910	150
030910	240
030910	150
030910	22000
030910	22000
030910	7500
030910	22000
030910	780
030910	780
030910	22000
030910	450
030910	7500
030910	3000
030910	780
030910	22000
030910	22000
030910	22000
030910	780
030910	3000
030910	7500
030910	780
030910	22000
030910	240
030910	22000
030910	22000
030910	3000
030910	22000
030910	22000
030910	22000
030910	22000
030910	22000
030910	22000
030910	22000
030910	1230
030910	240
030910	3000
030910	22000
030910	15
030910	22000
030910	22000
030910	22000
030910	450
030910	22000
030910	450
030910	22000
030910	22000
030910	22000
030910	780
030910	780
030910	450
030910	780
030910	780
030910	3000
030910	22000
030910	22000
030910	22000
030910	1230
030910	22000
030910	780
030910	780
030910	3000
030910	450
030910	3000
030910	22000
030910	3000
030910	22000
030910	22000
030910	3000
030910	450
030910	22000
030910	3000
030910	22000
030910	780
030910	22000
030910	22000
030910	22000
030910	22000
030910	22000
030910	3000
030910	3000
030910	22000
030910	22000
030910	3000
030910	450
030910	780
030910	450
030910	22000
030910	3000
030910	22000
030910	22000
030910	22000
030910	22000
030910	22000
030910	22000
030910	22000
030910	22000
030910	450
030910	22000
030910	22000
030910	22000
030910	3000
030910	450
030910	3000
030910	22000
030910	22000
030910	22000
030910	780
030910	22000
030910	3000
030910	22000
030910	3000
030910	780
030910	450
030910	780
030910	1500
030910	780
030910	22000
030910	22000
030910	22000
030910	22000
030910	22000
030910	22000
030910	22000
030910	450
030910	22000
030910	22000
030910	1230
030910	450
030910	450
030910	22000
030910	22000
030910	450
030910	450
030910	22000
030910	780
030910	22000
030910	22000
030910	22000
030910	3000
030910	450
030910	22000
030910	22000
030910	22000
030910	22000
030910	780
030910	450
030910	22000
030910	2400
030910	22000
030910	3000
030910	22000
030910	22000
030910	3000
030910	3000
030910	22000
030910	22000
030910	22000
030910	22000
030910	22000
030910	22000
030910	780
030910	780
030910	780
030910	780
030910	22000
030910	22000
030910	22000
030910	22000
030910	780
030910	22000
030910	780
030910	22000
030910	22000
030910	1230
030910	450
030910	450
030910	240
030910	22000
030910	240
030910	240
030910	15
030910	780
030910	22000
030910	22000
030910	22000
030910	780
030910	3000
030910	450
030910	450
030910	450
030910	240
030910	22000
030910	3000
030910	22000
030910	450
030910	780
030910	3000
030910	3000
030910	22000
030910	3000
030910	22000
030910	7500
030910	7500
030910	22000
030910	15
030910	22000
030910	22000
030910	22000
030910	15
030910	240
030910	780
030910	3000
030910	3000
030910	450
030910	450
030910	22000
030910	22000
030910	22000
030910	22000
030910	22000
030910	450
030910	450
030910	240
030910	780
030910	240
030910	240
030910	3000
030910	450
030910	22000
030910	780
030910	22000
030910	22000
030910	450
030910	3000
030910	22000
030910	22000
030910	22000
030910	450
030910	450
030910	1230
030910	7500
030910	22000
030910	22000
030910	240
030910	3000
030910	3000
030910	3000
030910	780
030910	22000
030910	1230
030910	1230
030910	450
030910	450
030910	450
030910	22000
030910	3000
030910	22000
030910	22000
030910	22000
030910	3000
030910	450
030910	450
030910	450
030910	450
030910	450
030910	240
030910	450
030910	450
030910	22000
030910	22000
030910	22000
030910	22000
030910	780
030910	450
030910	240
030910	450
030910	780
030910	22000
030910	22000
030910	780
030910	22000
030910	780
030910	450
030910	450
030910	22000
030910	3000
030910	22000
030910	450
030910	22000
030910	22000
032620	22000
032620	22000
032620	22000
032620	22000
032620	22000
032620	22000
032620	22000
032620	22000
032620	22000
032620	450
032620	22000
032620	22000
032620	22000
032620	240
032620	450
032620	450
032620	22000
032620	22000
032620	450
032620	450
032620	450
032620	450
032620	22000
032620	22000
032620	450
032620	22000
032620	450
032620	22000
032620	240
032620	450
032620	22000
032620	450
032620	22000
032620	450
032620	22000
032620	22000
032620	450
032620	450
032620	240
032620	22000
032620	22000
032620	450
032620	22000
032620	22000
032620	22000
032620	22000
032620	450
032620	22000
032620	22000
032620	22000
032620	450
032620	450
032620	450
032620	22000
032620	450
032620	450
032620	450
032620	22000
032620	450
032620	450
032620	240
032620	22000
032620	450
032620	450
032620	450
032620	22000
032620	22000
032620	22000
032620	450
032620	22000
032620	22000
032620	450
032620	450
032620	450
032620	450
032620	450
032620	450
032620	450
032620	22000
032620	450
032620	450
032620	450
032620	450
032620	450
032620	450
032620	450
032620	450
032620	450
032620	450
032620	450
032620	450
032620	450
032620	240
032620	450
032620	450
032620	240
032620	450
032620	22000
032620	22000
032620	22000
032620	22000
032620	22000
032620	450
032620	450
032620	450
032620	450
032620	450
032620	450
032620	450
032620	1230
032620	22000
032620	450
032620	450
032620	22000
032620	450
032620	22000
032620	450
032620	450
032620	7500
032620	3000
032620	450
032620	22000
032620	22000
032620	22000
032620	450
032620	22000
032620	450
032620	450
032620	22000
032620	22000
032620	450
032620	22000
032620	450
032620	450
032620	450
032620	3000
032620	450
032620	240
032620	450
032620	22000
032620	240
032620	22000
032620	450
032620	240
032620	22000
032620	22000
032620	450
032620	450
032620	22000
032620	450
032620	450
032620	22000
032620	450
032620	22000
032620	450
032620	450
032620	450
032620	450
032620	22000
032620	22000
032620	22000
032620	22000
032620	22000
032620	450
032620	22000
032620	450
032620	450
032620	450
032620	450
032620	450
032620	450
032620	450
032620	450
032620	22000
032620	22000
032620	22000
032620	240
032620	22000
032620	450
032620	450
032620	450
032620	450
032620	450
032620	22000
032620	22000
032620	22000
032620	22000
032620	450
032620	450
032620	3000
032620	450
032620	450
032620	450
032620	450
032620	22000
032620	450
033020	450
033020	1230
033020	22000
033020	22000
033020	780
033020	450
033020	240
033020	780
033020	450
033020	450
033020	22000
033020	22000
033020	1230
033020	22000
033020	1230
033020	780
033020	7500
033020	22000
033020	22000
033020	780
033020	240
033020	1230
033020	780
033020	1230
033020	3000
033020	3000
033020	22000
033020	22000
033020	22000
033020	450
033020	450
033020	22000
033020	780
033020	780
033020	780
033020	3000
033020	22000
033020	22000
033020	1230
033020	780
033020	22000
033020	22000
033020	240
033020	1230
033020	22000
033020	60
033020	150
033020	7500
033020	7500
033020	240
033020	240
033020	1500
033020	780
033020	780
033020	150
033020	22000
033020	22000
033020	22000
033020	22000
033020	7500
033020	22000
033020	2100
033020	22000
033020	240
033020	450
033020	3000
033020	240
033020	3000
033020	22000
033020	1230
033020	450
033020	150
033020	22000
033020	3000
033020	150
033020	3000
033020	3000
033020	450
033020	1230
033020	1230
033020	22000
033020	22000
033020	22000
033020	22000
033020	22000
033020	150
033020	450
033020	3000
033020	240
033020	240
033020	240
033020	150
033020	22000
033020	7500
033020	780
033020	7500
033020	22000
033020	780
033020	240
033020	450
033020	240
033020	240
033020	450
033020	22000
033020	150
033020	60
033020	3000
033020	7500
033020	450
033020	240
033020	3000
033020	22000
033020	3000
033020	22000
033020	3000
033020	1230
033020	22000
033020	2100
033020	150
033020	22000
033020	7500
033020	3000
033020	22000
033020	22000
033020	450
033020	150
033020	780
033020	22000
033020	450
033020	1230
033020	22000
033020	240
033020	15
033020	150
033020	240
033020	22000
033020	22000
033020	1230
033020	22000
033020	22000
033020	240
033020	22000
033020	22000
033020	240
033020	22000
033020	22000
033020	3000
033020	22000
033020	450
033020	780
033020	450
033020	240
033020	7500
033020	22000
033020	450
033020	780
033020	7500
033020	22000
033020	22000
033020	450
033020	780
033020	22000
033020	7500
033020	22000
033020	22000
033020	3000
033020	450
033020	22000
033020	22000
033020	240
033020	780
033020	22000
034970	22000
034970	1230
034970	22000
034970	22000
034970	22000
034970	22000
034970	22000
034970	22000
034970	22000
034970	22000
034970	1230
034970	22000
034970	22000
034970	1500
034970	22000
034970	780
034970	450
034970	22000
034970	22000
034970	1500
034970	22000
034970	450
034970	22000
034970	22000
034970	450
034970	22000
034970	22000
034970	22000
034970	22000
034970	22000
034970	780
034970	450
034970	22000
034970	1230
034970	3000
034970	22000
034970	450
034970	15
034970	22000
034970	780
034970	150
034970	240
034970	780
034970	150
034970	780
034970	3000
034970	780
034970	22000
034970	22000
034970	22000
034970	780
034970	22000
034970	450
034970	22000
034970	22000
034970	22000
034970	450
034970	22000
034970	22000
034970	22000
034970	22000
034970	780
034970	22000
034970	150
034970	240
034970	1500
034970	1230
034970	22000
034970	22000
034970	1230
034970	3000
034970	22000
034970	22000
034970	1230
034970	1230
034970	22000
034970	1500
034970	22000
034970	1500
034970	22000
034970	3000
034970	60
034970	22000
034970	1230
034970	1230
034970	22000
034970	22000
034970	22000
034970	3000
034970	22000
034970	450
034970	240
034970	780
034970	3000
034970	1230
034970	240
034970	450
034970	22000
034970	3000
034970	22000
034970	22000
034970	22000
034970	22000
034970	7500
034970	22000
034970	780
034970	22000
034970	22000
034970	22000
034970	22000
034970	3000
034970	450
034970	22000
034970	22000
034970	22000
034970	1230
034970	240
034970	450
034970	22000
034970	22000
034970	22000
034970	450
034970	780
034970	3000
034970	1230
034970	3000
034970	22000
034970	780
034970	22000
034970	3000
034970	22000
034970	3000
034970	240
034970	240
034970	3000
034970	22000
034970	240
034970	22000
034970	450
034970	450
034970	22000
034970	3000
034970	150
034970	780
034970	1230
034970	240
034970	22000
034970	22000
034970	3000
034970	240
034970	450
034970	450
034970	1230
034970	22000
034970	450
034970	1500
034970	780
034970	22000
034970	1230
034970	240
034970	1230
034970	780
034970	450
034970	450
034970	450
034970	450
034970	1230
034970	22000
034970	450
034970	240
034970	780
034970	240
034970	450
034970	240
034970	22000
038040	22000
038040	1230
038040	22000
038040	240
038040	450
038040	22000
038040	1230
038040	22000
038040	22000
038040	150
038040	240
038040	22000
038040	22000
038040	22000
038040	22000
038040	22000
038040	1230
038040	22000
038040	22000
038040	22000
038040	1230
038040	780
038040	780
038040	22000
038040	1230
038040	22000
038040	22000
038040	22000
038040	22000
038040	22000
038040	1230
038040	22000
038040	1230
038040	22000
038040	22000
038040	1230
038040	1230
038040	22000
038040	22000
038040	22000
038040	22000
038040	450
038040	1230
038040	1230
038040	1230
038040	150
038040	1230
038040	22000
038040	22000
038040	1230
038040	22000
038040	22000
038040	60
038040	1230
038040	22000
038040	3600
038040	22000
038040	22000
038040	22000
038040	3600
038040	780
038040	22000
038040	22000
038040	1230
038040	22000
038040	22000
038040	1230
038040	1230
038040	780
038040	1230
038040	780
038040	22000
038040	22000
038040	1230
038040	1230
038040	780
038040	22000
038040	1230
038040	60
038040	22000
038040	22000
038040	1230
038040	22000
038040	150
038040	1230
038040	22000
038040	22000
038040	780
038040	1230
038040	22000
038040	22000
038040	22000
038040	450
038040	9000
038040	22000
038040	22000
038040	22000
038040	22000
038040	1230
038040	9000
038040	1230
038040	22000
038040	780
038040	22000
038040	22000
038040	1230
038040	3600
038040	3600
038040	22000
038040	450
038040	1230
038040	780
038040	1230
038040	22000
038040	22000
038040	22000
038040	22000
038040	9000
038040	780
038040	22000
038040	780
038040	1230
038040	22000
038040	1230
038040	22000
038040	22000
038040	22000
038040	22000
038040	1230
038040	22000
038040	22000
038040	22000
038040	1230
038040	3600
038040	1230
038040	1230
038040	1230
038040	22000
038040	1230
038040	1230
038040	1230
038040	780
038040	450
038040	150
038040	22000
038040	1230
038040	22000
038040	150
038040	1230
038040	1230
038040	22000
038040	22000
038040	22000
038040	1230
038040	22000
038040	22000
038040	1230
038040	22000
038040	1230
038040	22000
038040	1230
038040	1230
038040	1230
038040	1230
038040	22000
038040	1230
038040	1230
038040	450
038040	22000
038040	1230
038040	1230
038040	1230
038040	1230
038040	1230
038040	1230
038040	780
038040	22000
038040	22000
038040	22000
038040	1230
038040	1230
038040	1230
038040	1230
038040	3600
038040	3600
038040	1230
038040	1230
038040	1230
038040	22000
038040	22000
038040	1230
038040	22000
038040	780
038040	22000
038040	22000
038040	1230
038040	22000